        annee        mois     pluie
        1950           1      16.6
        1950           2      68.9
        1950           3      31.8
        1950           4     107.1
        1950           5      60.3
        1950           6     204.8
        1950           7      54.9
        1950           8      97.8
        1950           9      48.0
        1950          10     157.0
        1950          11     100.4
        1950          12      92.6
        1951           1      74.6
        1951           2      75.0
        1951           3      47.9
        1951           4     155.9
        1951           5     109.2
        1951           6      99.1
        1951           7     158.6
        1951           8     238.3
        1951           9      15.5
        1951          10      99.4
        1951          11     128.0
        1951          12      58.1
        1952           1      45.0
        1952           2     136.8
        1952           3      36.2
        1952           4      66.2
        1952           5     102.8
        1952           6     154.4
        1952           7      97.3
        1952           8     168.2
        1952           9      97.6
        1952          10     100.8
        1952          11     230.3
        1952          12      97.3
        1953           1     120.0
        1953           2      70.0
        1953           3      65.2
        1953           4     292.9
        1953           5     201.9
        1953           6     203.0
        1953           7     223.9
        1953           8     243.0
        1953           9      49.0
        1953          10      88.6
        1953          11      44.2
        1953          12      63.1
        1954           1       8.9
        1954           2      89.7
        1954           3     291.2
        1954           4     111.1
        1954           5     242.5
        1954           6      98.8
        1954           7     130.0
        1954           8     131.4
        1954           9      92.4
        1954          10      56.1
        1954          11      41.8
        1954          12     148.2
        1955           1      46.9
        1955           2     112.7
        1955           3     137.9
        1955           4      63.3
        1955           5     121.8
        1955           6     168.9
        1955           7     109.9
        1955           8      89.6
        1955           9     111.3
        1955          10     151.0
        1955          11     114.9
        1955          12      84.9
        1956           1      97.7
        1956           2     135.0
        1956           3      36.0
        1956           4     369.6
        1956           5     132.7
        1956           6     313.4
        1956           7     197.9
        1956           8     226.2
        1956           9     131.7
        1956          10     171.9
        1956          11      90.4
        1956          12     125.4
        1957           1       3.8
        1957           2      63.1
        1957           3      71.2
        1957           4      43.4
        1957           5     178.1
        1957           6      93.2
        1957           7      90.4
        1957           8      95.5
        1957           9      54.1
        1957          10     148.1
        1957          11      92.5
        1957          12      65.5
        1958           1      27.4
        1958           2     283.0
        1958           3      65.3
        1958           4      41.3
        1958           5     175.8
        1958           6      38.6
        1958           7     187.4
        1958           8      96.0
        1958           9     103.2
        1958          10     115.0
        1958          11      89.4
        1958          12     173.5
        1959           1     125.7
        1959           2      61.3
        1959           3      99.9
        1959           4     217.2
        1959           5     147.7
        1959           6      55.8
        1959           7     159.4
        1959           8     141.0
        1959           9      59.2
        1959          10     103.6
        1959          11      46.1
        1959          12     120.7
        1960           1      21.6
        1960           2     188.0
        1960           3      85.0
        1960           4     127.5
        1960           5     134.1
        1960           6     164.7
        1960           7     137.5
        1960           8      84.9
        1960           9     268.5
        1960          10      84.5
        1960          11      82.5
        1960          12      96.8
        1961           1     111.8
        1961           2      74.7
        1961           3      52.6
        1961           4      94.4
        1961           5     147.0
        1961           6     300.4
        1961           7     210.2
        1961           8     218.2
        1961           9     142.5
        1961          10     195.2
        1961          11      44.3
        1961          12      25.8
        1962           1      34.1
        1962           2      44.8
        1962           3     127.8
        1962           4     127.2
        1962           5     218.7
        1962           6     178.3
        1962           7     154.0
        1962           8     156.7
        1962           9     113.7
        1962          10     203.7
        1962          11     109.4
        1962          12      95.9
        1963           1      91.5
        1963           2      99.9
        1963           3      97.8
        1963           4      87.1
        1963           5      70.1
        1963           6     138.2
        1963           7     127.0
        1963           8      92.8
        1963           9      72.0
        1963          10      23.8
        1963          11      74.0
        1963          12      75.6
        1964           1      73.8
        1964           2      36.6
        1964           3      89.9
        1964           4      46.0
        1964           5     228.6
        1964           6     112.5
        1964           7     208.2
        1964           8     196.7
        1964           9     137.5
        1964          10     140.0
        1964          11      51.4
        1964          12     141.4
        1965           1     140.2
        1965           2     127.9
        1965           3      88.9
        1965           4     116.3
        1965           5     106.7
        1965           6     132.7
        1965           7     158.8
        1965           8     320.6
        1965           9      36.5
        1965          10      75.2
        1965          11      82.0
        1965          12     108.6
        1966           1     112.5
        1966           2     185.3
        1966           3      82.3
        1966           4      78.3
        1966           5     144.4
        1966           6     153.3
        1966           7     135.2
        1966           8      88.5
        1966           9     112.2
        1966          10      47.1
        1966          11     116.4
        1966          12      83.2
        1967           1     114.4
        1967           2     244.5
        1967           3     103.8
        1967           4      75.9
        1967           5      57.6
        1967           6      63.8
        1967           7      65.6
        1967           8     113.0
        1967           9      94.8
        1967          10      14.1
        1967          11     210.8
        1967          12     100.5
        1968           1      34.3
        1968           2      51.0
        1968           3      66.9
        1968           4     275.5
        1968           5     179.0
        1968           6     193.5
        1968           7     116.2
        1968           8     152.5
        1968           9      81.2
        1968          10     104.2
        1968          11      67.9
        1968          12     134.6
        1969           1      99.3
        1969           2     181.2
        1969           3      16.7
        1969           4     128.1
        1969           5     140.2
        1969           6     117.7
        1969           7      91.5
        1969           8     148.2
        1969           9     123.6
        1969          10      26.7
        1969          11      55.9
        1969          12     162.9
        1970           1      37.2
        1970           2      29.0
        1970           3     126.7
        1970           4      80.7
        1970           5     163.3
        1970           6     141.0
        1970           7     171.0
        1970           8     227.7
        1970           9     138.5
        1970          10     119.4
        1970          11     110.3
        1970          12      33.4
        1971           1      43.5
        1971           2     127.4
        1971           3      77.2
        1971           4     102.4
        1971           5     118.1
        1971           6      88.2
        1971           7     126.4
        1971           8     172.5
        1971           9     147.2
        1971          10     149.4
        1971          11     107.5
        1971          12     136.1
        1972           1      29.5
        1972           2      80.2
        1972           3     202.5
        1972           4     121.6
        1972           5     169.8
        1972           6     119.5
        1972           7     138.8
        1972           8     139.4
        1972           9      57.4
        1972          10      85.6
        1972          11      47.4
        1972          12      49.4
        1973           1      49.0
        1973           2      10.5
        1973           3      81.8
        1973           4      81.0
        1973           5      75.6
        1973           6     205.4
        1973           7     107.4
        1973           8     140.4
        1973           9     160.7
        1973          10      59.3
        1973          11     103.9
        1973          12      47.4
        1974           1       8.7
        1974           2      40.8
        1974           3      36.5
        1974           4     133.0
        1974           5      85.2
        1974           6     119.7
        1974           7     140.7
        1974           8      91.1
        1974           9     120.9
        1974          10      61.4
        1974          11      14.6
        1974          12      96.2
        1975           1     193.6
        1975           2      25.7
        1975           3     123.2
        1975           4      86.8
        1975           5     114.1
        1975           6     214.0
        1975           7      85.0
        1975           8     101.6
        1975           9     107.5
        1975          10     138.8
        1975          11     110.9
        1975          12      51.4
        1976           1     201.4
        1976           2      34.5
        1976           3      29.8
        1976           4     130.5
        1976           5      89.7
        1976           6     143.2
        1976           7     174.6
        1976           8     117.5
        1976           9     202.2
        1976          10      82.7
        1976          11     158.1
        1976          12     112.1
        1977           1      62.2
        1977           2      32.3
        1977           3      74.7
        1977           4      82.8
        1977           5     177.0
        1977           6     199.1
        1977           7     168.4
        1977           8      65.6
        1977           9     106.6
        1977          10     114.2
        1977          11      71.1
        1977          12     105.9
        1978           1      34.2
        1978           2      74.9
        1978           3      37.9
        1978           4     183.2
        1978           5      42.0
        1978           6     136.7
        1978           7     182.5
        1978           8      97.6
        1978           9     142.9
        1978          10      65.1
        1978          11      98.8
        1978          12     108.8
        1979           1      29.5
        1979           2     210.1
        1979           3     135.8
        1979           4     121.1
        1979           5      78.4
        1979           6     245.3
        1979           7     207.2
        1979           8     140.3
        1979           9     125.2
        1979          10     159.3
        1979          11     112.7
        1979          12     143.8
        1980           1      89.9
        1980           2      96.6
        1980           3     194.1
        1980           4      59.9
        1980           5      61.1
        1980           6     105.6
        1980           7     144.3
        1980           8      82.6
        1980           9      82.6
        1980          10      35.6
        1980          11     166.7
        1980          12      94.6
        1981           1      63.0
        1981           2      40.4
        1981           3      30.1
        1981           4     106.6
        1981           5      70.0
        1981           6     195.5
        1981           7     130.5
        1981           8     131.0
        1981           9     105.9
        1981          10      56.5
        1981          11     131.4
        1981          12      65.0
        1982           1      39.4
        1982           2      81.5
        1982           3      78.4
        1982           4     168.8
        1982           5      66.4
        1982           6      72.6
        1982           7      93.7
        1982           8      38.4
        1982           9      80.1
        1982          10      97.3
        1982          11      18.8
        1982          12      57.8
        1983           1      55.5
        1983           2      36.4
        1983           3      45.9
        1983           4     117.2
        1983           5      65.5
        1983           6     166.2
        1983           7      42.2
        1983           8      47.5
        1983           9     110.5
        1983          10     178.7
        1983          11      39.9
        1983          12     168.7
        1984           1     111.7
        1984           2      65.4
        1984           3     212.8
        1984           4      47.8
        1984           5     108.6
        1984           6      78.1
        1984           7     106.6
        1984           8     120.8
        1984           9     112.4
        1984          10      18.9
        1984          11      99.2
        1984          12     133.3
        1985           1     103.4
        1985           2     125.4
        1985           3      93.3
        1985           4     104.0
        1985           5     250.4
        1985           6      95.1
        1985           7     149.3
        1985           8     113.4
        1985           9      72.9
        1985          10      68.5
        1985          11     100.7
        1985          12     177.2
        1986           1     195.9
        1986           2     127.3
        1986           3      39.2
        1986           4      51.7
        1986           5      97.0
        1986           6     149.9
        1986           7     160.7
        1986           8     154.0
        1986           9      72.9
        1986          10      85.8
        1986          11      55.6
        1986          12      41.7
        1987           1      87.9
        1987           2      28.9
        1987           3     143.1
        1987           4      82.0
        1987           5      70.2
        1987           6     122.3
        1987           7     119.6
        1987           8      60.6
        1987           9     145.6
        1987          10      83.4
        1987          11     111.2
        1987          12     123.7
        1988           1      16.5
        1988           2      94.3
        1988           3     217.2
        1988           4      16.1
        1988           5     128.3
        1988           6      59.6
        1988           7     206.4
        1988           8     178.2
        1988           9     118.8
        1988          10      81.8
        1988          11      76.1
        1988          12     186.1
        1989           1     225.6
        1989           2      35.5
        1989           3      40.1
        1989           4     123.4
        1989           5     122.1
        1989           6     100.1
        1989           7      79.1
        1989           8     121.9
        1989           9     118.9
        1989          10     137.6
        1989          11     110.1
        1989          12      50.4
        1990           1      60.4
        1990           2      15.2
        1990           3     101.6
        1990           4     105.9
        1990           5     111.3
        1990           6     108.1
        1990           7     173.3
        1990           8     212.8
        1990           9      82.9
        1990          10      91.3
        1990          11     121.8
        1990          12      38.7
        1991           1      32.7
        1991           2      93.2
        1991           3     103.7
        1991           4     178.2
        1991           5      48.2
        1991           6     136.3
        1991           7     125.7
        1991           8     167.7
        1991           9     112.7
        1991          10      80.1
        1991          11      95.6
        1991          12      52.7
        1992           1      67.2
        1992           2      44.6
        1992           3      33.3
        1992           4      72.3
        1992           5     110.8
        1992           6      98.4
        1992           7     179.8
        1992           8     192.4
        1992           9     107.3
        1992          10      63.4
        1992          11      83.8
        1992          12      94.6
        1993           1      38.6
        1993           2      25.7
        1993           3      26.8
        1993           4      72.4
        1993           5      53.7
        1993           6     166.1
        1993           7      24.7
        1993           8     136.0
        1993           9      84.3
        1993          10      34.5
        1993          11      86.7
        1993          12      52.7
        1994           1      48.2
        1994           2      44.6
        1994           3      47.8
        1994           4      83.0
        1994           5      85.6
        1994           6      76.4
        1994           7     185.7
        1994           8      98.9
        1994           9     213.1
        1994          10     153.0
        1994          11      41.4
        1994          12      16.5
        1995           1      80.9
        1995           2      93.9
        1995           3     177.0
        1995           4     112.9
        1995           5     136.0
        1995           6     186.2
        1995           7     220.5
        1995           8     102.3
        1995           9      81.6
        1995          10     145.3
        1995          11     135.1
        1995          12     123.9
        1996           1      44.9
        1996           2      60.0
        1996           3     123.2
        1996           4     176.9
        1996           5     179.1
        1996           6     185.3
        1996           7     185.7
        1996           8     167.1
        1996           9     116.3
        1996          10      53.1
        1996          11      90.0
        1996          12     182.4
        1997           1      25.9
        1997           2      49.9
        1997           3     101.8
        1997           4      97.1
        1997           5     116.2
        1997           6     164.2
        1997           7      63.8
        1997           8     102.2
        1997           9     265.0
        1997          10      94.5
        1997          11      73.8
        1997          12      62.5
        1998           1      16.2
        1998           2      93.8
        1998           3     100.1
        1998           4      44.9
        1998           5      77.3
        1998           6     128.5
        1998           7     355.3
        1998           8     138.6
        1998           9      80.5
        1998          10     103.1
        1998          11      68.8
        1998          12      52.2
        1999           1     103.8
        1999           2      57.7
        1999           3      72.9
        1999           4     165.7
        1999           5      55.2
        1999           6     110.2
        1999           7     130.7
        1999           8     113.2
        1999           9      69.6
        1999          10      96.6
        1999          11     172.5
        1999          12      42.8
        2000           1      86.2
        2000           2       9.2
        2000           3      51.2
        2000           4     128.4
        2000           5     118.1
        2000           6     203.4
        2000           7     173.2
        2000           8      84.2
        2000           9      72.2
        2000          10      65.5
        2000          11      74.8
        2000          12      63.4
